QNN_VERSION=2.40.0.251030
ORT_VERSION=1.23.2
NDK_VERSION=27.0.12077973
ANDROID_API=27
